map_2.png
448 496
ghost_prison 208 216 32 32
ghost_spawn 208 168 32 32
pacman_spawn 8 8 32 32
prison_wall 208 200 32 8
special_jeton 336 160 16 16
special_jeton 64 368 16 16
special_jeton 96 160 16 16
special_jeton 368 368 16 16
special_jeton 336 64 16 16
special_jeton 64 64 16 16
wall 0 0 456 8
wall 440 8 8 136
wall 408 136 32 8
wall 408 144 8 72
wall 416 208 32 8
wall 440 216 8 96
wall 392 296 48 16
wall 0 8 8 136
wall 8 136 32 8
wall 32 144 8 72
wall 0 208 32 8
wall 0 216 8 80
wall 0 296 56 16
wall 0 344 56 16
wall 0 360 8 136
wall 8 488 208 8
wall 216 440 16 56
wall 232 488 216 8
wall 440 360 16 128
wall 392 344 56 16
wall 40 40 16 48
wall 40 88 48 16
wall 88 40 48 16
wall 120 56 16 48
wall 168 40 16 64
wall 184 88 96 16
wall 264 40 16 48
wall 216 8 16 48
wall 312 40 48 16
wall 312 56 16 48
wall 360 88 48 16
wall 392 40 16 48
wall 312 136 64 16
wall 312 152 16 64
wall 360 184 16 80
wall 376 248 32 16
wall 168 136 112 32
wall 72 136 64 16
wall 120 152 16 64
wall 72 184 16 80
wall 40 248 32 16
wall 120 248 16 48
wall 88 296 96 16
wall 216 296 16 48
wall 184 344 80 16
wall 264 296 96 16
wall 312 248 16 48
wall 88 344 16 64
wall 40 392 48 16
wall 40 440 64 16
wall 136 344 16 112
wall 152 440 32 16
wall 184 392 80 16
wall 296 344 16 112
wall 264 440 32 16
wall 344 344 16 64
wall 360 392 48 16
wall 344 440 64 16
wall 240 200 40 8
wall 272 208 8 56
wall 168 256 104 8
wall 168 200 8 56
wall 176 200 32 8